x=5.05619
y=-4.35716
z=0
